255 255 255
200 50 75
50 100 150
200 200 100
100 13
1 1 1 1 1 1 1 1 1 1 1 1 1
1 0 0 0 0 0 0 0 0 0 0 0 1
1 0 0 0 1 0 0 0 0 0 0 0 1
1 0 0 0 0 0 0 0 1 0 0 0 1
1 0 0 0 0 1 0 0 0 0 0 0 1
1 0 1 0 0 0 0 0 0 1 0 0 1
1 0 0 0 0 0 1 0 0 0 0 0 1
1 0 0 0 0 0 0 0 0 0 1 0 1
1 0 0 1 0 0 2 0 1 0 0 0 1
1 0 0 0 0 0 0 0 0 0 0 1 1
1 0 0 0 1 0 0 1 0 1 0 0 1
1 1 0 0 0 0 0 0 0 0 0 0 1
1 0 0 0 0 1 0 0 1 0 0 0 1
1 0 1 0 0 0 0 0 0 0 0 0 1
1 0 0 0 0 0 0 0 0 1 0 0 1
1 1 0 0 1 0 0 1 0 0 0 0 1
1 0 0 2 0 0 0 0 0 0 0 0 1
1 0 0 0 0 1 0 1 0 0 1 0 1
1 0 1 0 0 0 0 0 0 0 0 0 1
1 0 0 0 1 0 0 0 1 0 0 0 1
1 0 1 0 0 0 1 0 2 0 0 1 1
1 0 0 0 0 0 0 0 0 1 0 0 1
1 0 0 0 1 0 0 1 0 0 0 0 1
1 0 1 2 0 0 0 0 0 0 1 0 1
1 0 0 0 0 0 1 0 1 0 0 0 1
1 0 0 0 1 0 0 0 0 0 0 0 1
1 0 1 0 0 0 0 0 1 0 0 0 1
1 0 0 0 0 0 1 0 0 0 0 1 1
1 1 0 1 0 2 0 0 0 1 0 0 1
1 0 0 0 0 1 0 0 0 0 0 0 1
1 0 1 0 0 0 0 0 1 0 0 0 1
1 0 0 0 1 0 1 0 0 0 0 1 1
1 0 0 0 0 0 0 2 0 1 0 0 1
1 0 1 0 0 0 0 0 0 0 0 0 1
1 0 0 0 1 0 1 0 0 1 0 0 1
1 0 2 0 0 0 0 0 0 0 0 0 1
1 0 0 0 1 0 0 0 1 0 0 0 1
1 0 0 0 0 0 2 0 0 0 0 0 1
1 0 1 0 0 0 0 0 0 0 1 0 1
1 0 0 0 0 0 1 0 0 0 0 0 1
1 0 0 0 1 0 0 0 1 0 0 0 1
1 0 0 0 0 0 0 0 0 0 0 0 1
1 0 0 0 1 0 0 1 0 0 0 0 1
1 0 0 0 0 0 0 0 0 1 0 0 1
1 0 0 1 0 1 0 0 0 0 0 0 1
1 0 0 0 0 0 0 1 0 2 0 0 1
1 0 0 1 0 0 0 0 0 1 0 0 1
1 1 0 0 0 0 0 0 0 0 0 1 1
1 0 0 0 0 1 0 0 0 0 0 0 1
1 0 0 0 0 0 0 0 0 1 0 0 1
1 0 2 1 0 0 0 0 0 0 0 0 1
1 0 0 0 0 0 0 1 0 2 0 0 1
1 0 0 0 0 1 0 0 0 0 0 1 1
1 0 0 1 0 0 0 0 1 0 0 0 1
1 0 0 0 0 0 1 0 0 0 1 0 1
1 0 1 0 0 0 0 0 0 0 0 0 1
1 0 0 0 1 0 0 0 0 0 1 0 1
1 0 0 0 0 0 2 0 1 0 0 0 1
1 0 1 0 0 0 0 0 0 0 0 0 1
1 0 0 0 1 0 0 0 0 0 1 0 1
1 0 0 0 0 0 0 0 1 0 0 0 1
1 0 0 0 0 0 1 0 0 0 0 0 1
1 0 0 1 0 0 0 0 0 0 0 0 1
1 0 0 0 1 0 0 0 1 0 0 1 1
1 0 0 0 2 0 0 0 0 0 0 0 1
1 0 0 0 0 0 0 0 0 0 1 0 1
1 1 0 1 0 0 1 0 2 0 0 0 1
1 0 0 0 0 0 0 0 0 0 0 0 1
1 0 1 0 1 0 0 0 0 1 0 0 1
1 0 0 0 0 0 0 1 0 0 0 0 1
1 0 0 1 0 0 0 0 0 0 0 0 1
1 0 0 0 0 0 1 0 0 1 0 0 1
1 0 0 0 0 0 0 0 0 0 0 0 1
1 0 0 0 0 0 0 0 0 0 0 0 1
1 0 0 1 2 1 0 0 1 0 0 0 1
1 0 0 0 0 0 0 0 0 0 0 0 1
1 0 1 0 0 0 0 0 0 1 0 0 1
1 0 0 0 1 0 0 0 0 0 0 0 1
1 0 0 0 0 2 1 0 0 0 0 0 1
1 0 1 0 0 0 0 0 1 0 1 0 1
1 0 0 0 0 0 0 0 0 0 2 0 1
1 1 0 0 1 0 0 0 1 0 0 0 1
1 0 0 0 0 0 1 0 0 0 0 0 1
1 0 1 0 0 0 0 0 0 1 0 1 1
1 0 0 0 0 1 0 0 0 0 0 0 1
1 0 0 0 0 0 0 1 0 0 1 0 1
1 0 0 1 0 0 0 0 0 0 0 0 1
1 0 0 0 0 2 0 0 0 1 0 0 1
1 0 0 0 1 0 0 0 0 0 0 0 1
1 0 0 0 0 0 0 1 0 0 1 0 1
1 0 0 0 0 0 0 0 0 2 0 0 1
1 0 0 0 1 0 0 0 0 0 0 0 1
1 0 1 0 0 0 0 0 0 1 0 0 1
1 0 0 0 2 0 0 1 0 0 0 1 1
1 0 1 0 0 1 0 0 0 1 0 0 1
1 0 0 0 0 0 0 0 0 0 0 0 1
1 1 1 1 0 1 0 1 0 1 1 1 1
1 0 0 0 0 0 0 0 0 0 0 0 1
1 2 0 0 0 0 0 0 0 0 0 2 1
1 1 1 1 1 1 1 1 1 1 1 1 1